50
0.120041 0.523081
0.413965 0.508934
0.649978 0.18351
0.257649 0.303995
0.238015 0.315552
0.477754 0.615882
0.128528 0.163591
0.471681 0.537291
0.253866 0.728707
0.372766 0.0726119
0.387712 0.26866
0.3628 0.584443
0.74178 0.104657
0.966473 0.516808
0.988521 0.0776264
0.666321 0.85948
0.277097 0.169317
0.712379 0.955794
0.0331867 0.769317
0.903111 0.588745
0.0453642 0.43583
0.000148586 0.497277
0.73513 0.324233
0.377345 0.0339497
0.591969 0.231365
0.548182 0.293656
0.482701 0.760396
0.973081 0.577464
0.441888 0.805818
0.38619 0.701218
0.375747 0.182921
0.355359 0.51216
0.870924 0.612086
0.32892 0.162258
0.0689961 0.617167
0.732085 0.154781
0.400828 0.722197
0.961493 0.813483
0.214356 0.688143
0.618045 0.477434
0.23991 0.164163
0.0897485 0.402812
0.0580766 0.0939815
0.546606 0.804425
0.974961 0.164025
0.774121 0.659745
0.333372 0.986199
0.0402365 0.25517
0.649138 0.0659219
0.950045 0.399158
